------------------- Displaying arrays -------------------
Drop array: [1.43367221 1.41116697 1.23989233 1.41554347 1.25471416 1.45501504
 1.68795082 1.60532679 1.48716561 1.1151163  1.76838643 1.36772074
 1.59333081 1.61474226 1.15378192 1.37934983 1.22802649 1.25015885
 1.3053014  1.75622935 1.4349464  1.52018139 1.77226537 1.42429105
 1.60117271 1.31576503 1.37894055 1.51502876 1.39497148 1.5962611
 1.28598721 1.36909945 1.64381392 1.27185017 1.29543152 1.32709896
 1.51124649 1.39756111 1.4686369  1.22427617 1.32982974 1.17824765
 1.18357244 1.34368382 1.45339286 1.6720894  1.42083713 1.19599636
 1.58076335 1.38443135 1.35465255 1.14109228 1.42867462 1.51202712
 1.23169061 1.27128633 1.36564331 1.51850238 1.31669911 1.27452062
 1.55219031 1.26030572 1.20011503 1.37684681 1.41626705 1.53929876
 1.54334433 1.50874281 1.31766651 1.21804033 1.51278442 1.23132711
 1.53265909 1.47267207 1.61441032 1.26551222 1.42047972 1.29111894
 1.44470065 1.41614143 1.21807684 1.24743994 1.12327937 1.26575185
 1.4659492  1.27467734 1.26688754 1.33960553 1.17502753 1.50163034
 1.16862317 1.51368754 1.49029643 1.34238656 1.22298312 1.31528329
 1.47574328 1.46650418 1.4886192  1.32709896]
Block array: [2.66026818 2.74785856 2.55725245 2.65679495 2.45149551 2.52033888
 2.63854175 2.70299585 2.68916149 2.33208436 2.64767029 2.38645683
 2.60349137 2.53920676 2.56065063 2.36547576 2.54868486 2.41468401
 2.31599603 2.69115785 2.7959083  2.39793148 2.84008758 2.67771639
 2.5569692  2.60085583 2.44977233 2.64879519 2.26375962 2.61708926
 2.5446105  2.51083347 2.67000919 2.94243139 2.58970907 2.60555936
 2.29192606 2.30300679 2.45612378 2.67065777 2.46820465 2.8654811
 2.45342707 2.5162676  2.78646933 2.88558828 2.60414325 2.54090242
 2.63290888 2.59427881 2.37007728 2.24386262 2.57619429 2.46120103
 2.46647017 2.49222334 2.59925484 2.43356691 2.53873539 2.52755268
 2.68284517 2.52894611 2.17069692 2.46530676 2.44393438 2.49606778
 2.43874453 2.60594115 2.55669061 2.70864879 2.32819819 2.34184594
 2.4692941  2.63282742 2.47117357 2.6132047  2.51112456 2.71751192
 2.48883508 2.5931629  2.69463797 2.59626476 2.39680903 2.443699
 2.53506942 2.30885455 2.45850729 2.35989141 2.53784073 2.76735165
 2.29591188 2.80790584 2.45148279 2.47189203 2.42676921 2.46596969
 2.42988371 2.21230727 2.42973084 2.60555936]
---------------------------------------------------------
----------------- Displaying statistics -----------------
|---------------- Drop Rate ----------------------------|
Mean drop rate: 1.39253225418702
Variance of drop rate: 0.02292365513393971
Standard deviation of drop rate: 0.1514055980931343
Half-width of drop rate: 0.030042155428970777
---------------------------------------------------------
|---------------- Block Rate ---------------------------|
Mean of block rate: 2.5348216792129095
Variance of block rate: 0.02313720591091291
Standard deviation of block rate: 0.15210919075096319
Half-width of block rate: 0.030181763476832886
---------------------------------------------------------
