------------------- Displaying arrays -------------------
Drop array: [2.05560072 2.25154542 1.81203227 2.1409794  2.39659822 1.73920445
 2.00180646 1.8952744  2.33323096 2.18705806 2.24098507 1.81550258
 1.77579006 2.06925186 2.1883976  1.902656   2.25915562 1.66436476
 2.15549373 2.49375237 1.95207053 2.17555164 1.97710916 1.73035399
 2.00876855 1.72742527 2.00033616 2.0057695  2.12383405 1.67722144
 2.07264198 1.88183032 1.9047861  2.34599483 1.56321669 2.15128617
 1.64998569 1.88699166 1.96864035 1.9047938  1.74583541 1.79936323
 2.25370097 2.25949649 1.92920625 1.98338951 1.90425731 1.86125336
 1.8570403  2.22950221 2.21013841 1.90016888 1.90685613 1.87221078
 2.3083797  2.0003038  2.12789978 1.89129748 1.92283518 1.77991866
 1.92955158 1.89359843 1.82788431 2.04679515 1.83805496 1.83848925
 1.8835898  1.78876022 1.7287161  1.97949538 2.41629757 1.72469169
 1.65120201 1.90661158 2.10228611 1.90699418 1.51038191 1.69245716
 1.95814595 2.01362487 1.67291629 2.16810841 2.25002337 1.93091218
 1.87243723 2.07590335 1.88069218 2.02743976 1.67242419 1.98578356
 2.06881539 1.67772649 1.84985061 2.01914158 1.87562484 2.06073714
 2.0008555  1.95466086 1.83533542 2.0003038 ]
Block array: [1.26222948 1.21917929 1.11170578 1.13092962 1.38032541 1.1191406
 1.20031246 1.14716657 1.44295753 1.25920707 1.40561699 1.10358829
 1.15499637 1.10028402 1.15479426 1.17777796 1.38450781 1.17133634
 1.41796626 1.13041075 1.19496254 1.46006816 1.41131064 1.03183487
 1.16991898 1.154423   1.26228237 1.22340201 1.20175815 1.13844353
 1.12831625 1.15503267 1.56868733 1.39639578 1.02589834 1.25031394
 0.97767322 1.1224142  1.23980632 1.03707786 1.26875567 1.4015153
 1.22742892 1.28859597 1.03730375 1.31352835 1.14639309 1.1351771
 1.04486664 1.1517657  1.24039785 1.23485932 1.30591283 1.16269266
 1.22547101 1.34856778 1.44974162 1.02278413 1.19172801 1.16107014
 1.29608563 1.2181448  1.31871485 1.28974215 1.29891982 1.31721657
 1.04846668 1.24928247 1.29900987 1.13039755 1.24588819 1.08655792
 1.15644612 1.19745346 1.41611141 1.18051566 1.13421356 1.25136328
 1.19757148 1.20057007 1.22988805 1.37399158 1.41441025 1.31612978
 1.15903807 1.16247229 1.15583177 1.14812638 1.13512162 1.14742318
 1.15611696 1.06372302 1.2418335  1.11160159 1.22853702 1.03244018
 1.36742356 1.15348147 1.12830452 1.34856778]
---------------------------------------------------------
----------------- Displaying statistics -----------------
|---------------- Drop Rate ----------------------------|
Mean drop rate: 1.9634766206829144
Variance of drop rate: 0.039517213786553214
Standard deviation of drop rate: 0.19878937040635047
Half-width of drop rate: 0.03944412385400191
---------------------------------------------------------
|---------------- Block Rate ---------------------------|
Mean of block rate: 1.2159014299519635
Variance of block rate: 0.013608769965408935
Standard deviation of block rate: 0.11665663275360272
Half-width of block rate: 0.023147206821562155
---------------------------------------------------------
